/home/labmec/Downloads/GFEM Course/Projects/Projeto 3/input_files/3P_bonus_GFEM_nelem_256_nelem_GL_32.txt
nodes - nnodes ndim; nodeID x-coord enrID
257 1
1 0
2 0.00390625
3 0.0078125
4 0.0117188
5 0.015625
6 0.0195312
7 0.0234375
8 0.0273438
9 0.03125
10 0.0351562
11 0.0390625
12 0.0429688
13 0.046875
14 0.0507812
15 0.0546875
16 0.0585938
17 0.0625
18 0.0664062
19 0.0703125
20 0.0742188
21 0.078125
22 0.0820312
23 0.0859375
24 0.0898438
25 0.09375
26 0.0976562
27 0.101562
28 0.105469
29 0.109375
30 0.113281
31 0.117188
32 0.121094
33 0.125
34 0.128906
35 0.132812
36 0.136719
37 0.140625
38 0.144531
39 0.148438
40 0.152344
41 0.15625
42 0.160156
43 0.164062
44 0.167969
45 0.171875
46 0.175781
47 0.179688
48 0.183594
49 0.1875
50 0.191406
51 0.195312
52 0.199219
53 0.203125
54 0.207031
55 0.210938
56 0.214844
57 0.21875
58 0.222656
59 0.226562
60 0.230469
61 0.234375
62 0.238281
63 0.242188
64 0.246094
65 0.25
66 0.253906
67 0.257812
68 0.261719
69 0.265625
70 0.269531
71 0.273438
72 0.277344
73 0.28125
74 0.285156
75 0.289062
76 0.292969
77 0.296875
78 0.300781
79 0.304688
80 0.308594
81 0.3125
82 0.316406
83 0.320312
84 0.324219
85 0.328125
86 0.332031
87 0.335938
88 0.339844
89 0.34375
90 0.347656
91 0.351562
92 0.355469
93 0.359375
94 0.363281
95 0.367188
96 0.371094
97 0.375 1 
98 0.378906 1 
99 0.382812 1 
100 0.386719 1 
101 0.390625 1 
102 0.394531 1 
103 0.398438 1 
104 0.402344 1 
105 0.40625 1 
106 0.410156 1 
107 0.414062 1 
108 0.417969 1 
109 0.421875 1 
110 0.425781 1 
111 0.429688 1 
112 0.433594 1 
113 0.4375 1 
114 0.441406 1 
115 0.445312 1 
116 0.449219 1 
117 0.453125 1 
118 0.457031 1 
119 0.460938 1 
120 0.464844 1 
121 0.46875 1 
122 0.472656 1 
123 0.476562 1 
124 0.480469 1 
125 0.484375 1 
126 0.488281 1 
127 0.492188 1 
128 0.496094 1 
129 0.5 1 
130 0.503906 1 
131 0.507812 1 
132 0.511719 1 
133 0.515625 1 
134 0.519531 1 
135 0.523438 1 
136 0.527344 1 
137 0.53125 1 
138 0.535156 1 
139 0.539062 1 
140 0.542969 1 
141 0.546875 1 
142 0.550781 1 
143 0.554688 1 
144 0.558594 1 
145 0.5625 1 
146 0.566406 1 
147 0.570312 1 
148 0.574219 1 
149 0.578125 1 
150 0.582031 1 
151 0.585938 1 
152 0.589844 1 
153 0.59375 1 
154 0.597656 1 
155 0.601562 1 
156 0.605469 1 
157 0.609375 1 
158 0.613281 1 
159 0.617188 1 
160 0.621094 1 
161 0.625 1 
162 0.628906
163 0.632812
164 0.636719
165 0.640625
166 0.644531
167 0.648438
168 0.652344
169 0.65625
170 0.660156
171 0.664062
172 0.667969
173 0.671875
174 0.675781
175 0.679688
176 0.683594
177 0.6875
178 0.691406
179 0.695312
180 0.699219
181 0.703125
182 0.707031
183 0.710938
184 0.714844
185 0.71875
186 0.722656
187 0.726562
188 0.730469
189 0.734375
190 0.738281
191 0.742188
192 0.746094
193 0.75
194 0.753906
195 0.757812
196 0.761719
197 0.765625
198 0.769531
199 0.773438
200 0.777344
201 0.78125
202 0.785156
203 0.789062
204 0.792969
205 0.796875
206 0.800781
207 0.804688
208 0.808594
209 0.8125
210 0.816406
211 0.820312
212 0.824219
213 0.828125
214 0.832031
215 0.835938
216 0.839844
217 0.84375
218 0.847656
219 0.851562
220 0.855469
221 0.859375
222 0.863281
223 0.867188
224 0.871094
225 0.875
226 0.878906
227 0.882812
228 0.886719
229 0.890625
230 0.894531
231 0.898438
232 0.902344
233 0.90625
234 0.910156
235 0.914062
236 0.917969
237 0.921875
238 0.925781
239 0.929688
240 0.933594
241 0.9375
242 0.941406
243 0.945312
244 0.949219
245 0.953125
246 0.957031
247 0.960938
248 0.964844
249 0.96875
250 0.972656
251 0.976562
252 0.980469
253 0.984375
254 0.988281
255 0.992188
256 0.996094
257 1
nelem; elemID Type propID nodes
256
1 lBar2 1 1 2 
2 lBar2 1 2 3 
3 lBar2 1 3 4 
4 lBar2 1 4 5 
5 lBar2 1 5 6 
6 lBar2 1 6 7 
7 lBar2 1 7 8 
8 lBar2 1 8 9 
9 lBar2 1 9 10 
10 lBar2 1 10 11 
11 lBar2 1 11 12 
12 lBar2 1 12 13 
13 lBar2 1 13 14 
14 lBar2 1 14 15 
15 lBar2 1 15 16 
16 lBar2 1 16 17 
17 lBar2 1 17 18 
18 lBar2 1 18 19 
19 lBar2 1 19 20 
20 lBar2 1 20 21 
21 lBar2 1 21 22 
22 lBar2 1 22 23 
23 lBar2 1 23 24 
24 lBar2 1 24 25 
25 lBar2 1 25 26 
26 lBar2 1 26 27 
27 lBar2 1 27 28 
28 lBar2 1 28 29 
29 lBar2 1 29 30 
30 lBar2 1 30 31 
31 lBar2 1 31 32 
32 lBar2 1 32 33 
33 lBar2 1 33 34 
34 lBar2 1 34 35 
35 lBar2 1 35 36 
36 lBar2 1 36 37 
37 lBar2 1 37 38 
38 lBar2 1 38 39 
39 lBar2 1 39 40 
40 lBar2 1 40 41 
41 lBar2 1 41 42 
42 lBar2 1 42 43 
43 lBar2 1 43 44 
44 lBar2 1 44 45 
45 lBar2 1 45 46 
46 lBar2 1 46 47 
47 lBar2 1 47 48 
48 lBar2 1 48 49 
49 lBar2 1 49 50 
50 lBar2 1 50 51 
51 lBar2 1 51 52 
52 lBar2 1 52 53 
53 lBar2 1 53 54 
54 lBar2 1 54 55 
55 lBar2 1 55 56 
56 lBar2 1 56 57 
57 lBar2 1 57 58 
58 lBar2 1 58 59 
59 lBar2 1 59 60 
60 lBar2 1 60 61 
61 lBar2 1 61 62 
62 lBar2 1 62 63 
63 lBar2 1 63 64 
64 lBar2 1 64 65 
65 lBar2 1 65 66 
66 lBar2 1 66 67 
67 lBar2 1 67 68 
68 lBar2 1 68 69 
69 lBar2 1 69 70 
70 lBar2 1 70 71 
71 lBar2 1 71 72 
72 lBar2 1 72 73 
73 lBar2 1 73 74 
74 lBar2 1 74 75 
75 lBar2 1 75 76 
76 lBar2 1 76 77 
77 lBar2 1 77 78 
78 lBar2 1 78 79 
79 lBar2 1 79 80 
80 lBar2 1 80 81 
81 lBar2 1 81 82 
82 lBar2 1 82 83 
83 lBar2 1 83 84 
84 lBar2 1 84 85 
85 lBar2 1 85 86 
86 lBar2 1 86 87 
87 lBar2 1 87 88 
88 lBar2 1 88 89 
89 lBar2 1 89 90 
90 lBar2 1 90 91 
91 lBar2 1 91 92 
92 lBar2 1 92 93 
93 lBar2 1 93 94 
94 lBar2 1 94 95 
95 lBar2 1 95 96 
96 lBar2 1 96 97 
97 lBar2 1 97 98 
98 lBar2 1 98 99 
99 lBar2 1 99 100 
100 lBar2 1 100 101 
101 lBar2 1 101 102 
102 lBar2 1 102 103 
103 lBar2 1 103 104 
104 lBar2 1 104 105 
105 lBar2 1 105 106 
106 lBar2 1 106 107 
107 lBar2 1 107 108 
108 lBar2 1 108 109 
109 lBar2 1 109 110 
110 lBar2 1 110 111 
111 lBar2 1 111 112 
112 lBar2 1 112 113 
113 lBar2 1 113 114 
114 lBar2 1 114 115 
115 lBar2 1 115 116 
116 lBar2 1 116 117 
117 lBar2 1 117 118 
118 lBar2 1 118 119 
119 lBar2 1 119 120 
120 lBar2 1 120 121 
121 lBar2 1 121 122 
122 lBar2 1 122 123 
123 lBar2 1 123 124 
124 lBar2 1 124 125 
125 lBar2 1 125 126 
126 lBar2 1 126 127 
127 lBar2 1 127 128 
128 lBar2 1 128 129 
129 lBar2 1 129 130 
130 lBar2 1 130 131 
131 lBar2 1 131 132 
132 lBar2 1 132 133 
133 lBar2 1 133 134 
134 lBar2 1 134 135 
135 lBar2 1 135 136 
136 lBar2 1 136 137 
137 lBar2 1 137 138 
138 lBar2 1 138 139 
139 lBar2 1 139 140 
140 lBar2 1 140 141 
141 lBar2 1 141 142 
142 lBar2 1 142 143 
143 lBar2 1 143 144 
144 lBar2 1 144 145 
145 lBar2 1 145 146 
146 lBar2 1 146 147 
147 lBar2 1 147 148 
148 lBar2 1 148 149 
149 lBar2 1 149 150 
150 lBar2 1 150 151 
151 lBar2 1 151 152 
152 lBar2 1 152 153 
153 lBar2 1 153 154 
154 lBar2 1 154 155 
155 lBar2 1 155 156 
156 lBar2 1 156 157 
157 lBar2 1 157 158 
158 lBar2 1 158 159 
159 lBar2 1 159 160 
160 lBar2 1 160 161 
161 lBar2 1 161 162 
162 lBar2 1 162 163 
163 lBar2 1 163 164 
164 lBar2 1 164 165 
165 lBar2 1 165 166 
166 lBar2 1 166 167 
167 lBar2 1 167 168 
168 lBar2 1 168 169 
169 lBar2 1 169 170 
170 lBar2 1 170 171 
171 lBar2 1 171 172 
172 lBar2 1 172 173 
173 lBar2 1 173 174 
174 lBar2 1 174 175 
175 lBar2 1 175 176 
176 lBar2 1 176 177 
177 lBar2 1 177 178 
178 lBar2 1 178 179 
179 lBar2 1 179 180 
180 lBar2 1 180 181 
181 lBar2 1 181 182 
182 lBar2 1 182 183 
183 lBar2 1 183 184 
184 lBar2 1 184 185 
185 lBar2 1 185 186 
186 lBar2 1 186 187 
187 lBar2 1 187 188 
188 lBar2 1 188 189 
189 lBar2 1 189 190 
190 lBar2 1 190 191 
191 lBar2 1 191 192 
192 lBar2 1 192 193 
193 lBar2 1 193 194 
194 lBar2 1 194 195 
195 lBar2 1 195 196 
196 lBar2 1 196 197 
197 lBar2 1 197 198 
198 lBar2 1 198 199 
199 lBar2 1 199 200 
200 lBar2 1 200 201 
201 lBar2 1 201 202 
202 lBar2 1 202 203 
203 lBar2 1 203 204 
204 lBar2 1 204 205 
205 lBar2 1 205 206 
206 lBar2 1 206 207 
207 lBar2 1 207 208 
208 lBar2 1 208 209 
209 lBar2 1 209 210 
210 lBar2 1 210 211 
211 lBar2 1 211 212 
212 lBar2 1 212 213 
213 lBar2 1 213 214 
214 lBar2 1 214 215 
215 lBar2 1 215 216 
216 lBar2 1 216 217 
217 lBar2 1 217 218 
218 lBar2 1 218 219 
219 lBar2 1 219 220 
220 lBar2 1 220 221 
221 lBar2 1 221 222 
222 lBar2 1 222 223 
223 lBar2 1 223 224 
224 lBar2 1 224 225 
225 lBar2 1 225 226 
226 lBar2 1 226 227 
227 lBar2 1 227 228 
228 lBar2 1 228 229 
229 lBar2 1 229 230 
230 lBar2 1 230 231 
231 lBar2 1 231 232 
232 lBar2 1 232 233 
233 lBar2 1 233 234 
234 lBar2 1 234 235 
235 lBar2 1 235 236 
236 lBar2 1 236 237 
237 lBar2 1 237 238 
238 lBar2 1 238 239 
239 lBar2 1 239 240 
240 lBar2 1 240 241 
241 lBar2 1 241 242 
242 lBar2 1 242 243 
243 lBar2 1 243 244 
244 lBar2 1 244 245 
245 lBar2 1 245 246 
246 lBar2 1 246 247 
247 lBar2 1 247 248 
248 lBar2 1 248 249 
249 lBar2 1 249 250 
250 lBar2 1 250 251 
251 lBar2 1 251 252 
252 lBar2 1 252 253 
253 lBar2 1 253 254 
254 lBar2 1 254 255 
255 lBar2 1 255 256 
256 lBar2 1 256 257 
nenrichments; enrID type local_mesh_id local_mesh_id
1
1 Global_local 0
properties - nprop; propID type E E E E E E E E E E E E E E E E E E E E E E E E E E E E E E E E E E Exlim Exlim Exlim Exlim Exlim Exlim Exlim Exlim Exlim Exlim Exlim Exlim Exlim Exlim Exlim Exlim Exlim Exlim Exlim Exlim Exlim Exlim Exlim Exlim Exlim Exlim Exlim Exlim Exlim Exlim Exlim Exlim Exlim Exlim A C bf_fun alpha xb
1
1 MatBar 1.95122 1 40 1 40 1 40 1 40 1 40 1 40 1 40 1 40 1 40 1 40 1 40 1 40 1 40 1 40 1 40 1 40 1.95122 0.375 0.382812 0.390625 0.398438 0.40625 0.414062 0.421875 0.429688 0.4375 0.445312 0.453125 0.460938 0.46875 0.476562 0.484375 0.492188 0.5 0.507812 0.515625 0.523438 0.53125 0.539062 0.546875 0.554688 0.5625 0.570312 0.578125 0.585938 0.59375 0.601562 0.609375 0.617188 0.625 1 1 0 10 30 0.5
constraints - nconstr;constrID nodeID dof value
1
1 1 1 0
loads - nload; loadID nodeID dof value
1
1 257 1 1
