/home/labmec/Downloads/GFEM Course/Projects/Projeto 3/input_files/3P_bonus_GFEM_nelem_128_nelem_GL_256_local_0.txt
nodes - nnodes ndim; nodeID x-coord
257 1
1 0.25
2 0.251953
3 0.253906
4 0.255859
5 0.257812
6 0.259766
7 0.261719
8 0.263672
9 0.265625
10 0.267578
11 0.269531
12 0.271484
13 0.273438
14 0.275391
15 0.277344
16 0.279297
17 0.28125
18 0.283203
19 0.285156
20 0.287109
21 0.289062
22 0.291016
23 0.292969
24 0.294922
25 0.296875
26 0.298828
27 0.300781
28 0.302734
29 0.304688
30 0.306641
31 0.308594
32 0.310547
33 0.3125
34 0.314453
35 0.316406
36 0.318359
37 0.320312
38 0.322266
39 0.324219
40 0.326172
41 0.328125
42 0.330078
43 0.332031
44 0.333984
45 0.335938
46 0.337891
47 0.339844
48 0.341797
49 0.34375
50 0.345703
51 0.347656
52 0.349609
53 0.351562
54 0.353516
55 0.355469
56 0.357422
57 0.359375
58 0.361328
59 0.363281
60 0.365234
61 0.367188
62 0.369141
63 0.371094
64 0.373047
65 0.375
66 0.376953
67 0.378906
68 0.380859
69 0.382812
70 0.384766
71 0.386719
72 0.388672
73 0.390625
74 0.392578
75 0.394531
76 0.396484
77 0.398438
78 0.400391
79 0.402344
80 0.404297
81 0.40625
82 0.408203
83 0.410156
84 0.412109
85 0.414062
86 0.416016
87 0.417969
88 0.419922
89 0.421875
90 0.423828
91 0.425781
92 0.427734
93 0.429688
94 0.431641
95 0.433594
96 0.435547
97 0.4375
98 0.439453
99 0.441406
100 0.443359
101 0.445312
102 0.447266
103 0.449219
104 0.451172
105 0.453125
106 0.455078
107 0.457031
108 0.458984
109 0.460938
110 0.462891
111 0.464844
112 0.466797
113 0.46875
114 0.470703
115 0.472656
116 0.474609
117 0.476562
118 0.478516
119 0.480469
120 0.482422
121 0.484375
122 0.486328
123 0.488281
124 0.490234
125 0.492188
126 0.494141
127 0.496094
128 0.498047
129 0.5
130 0.501953
131 0.503906
132 0.505859
133 0.507812
134 0.509766
135 0.511719
136 0.513672
137 0.515625
138 0.517578
139 0.519531
140 0.521484
141 0.523438
142 0.525391
143 0.527344
144 0.529297
145 0.53125
146 0.533203
147 0.535156
148 0.537109
149 0.539062
150 0.541016
151 0.542969
152 0.544922
153 0.546875
154 0.548828
155 0.550781
156 0.552734
157 0.554688
158 0.556641
159 0.558594
160 0.560547
161 0.5625
162 0.564453
163 0.566406
164 0.568359
165 0.570312
166 0.572266
167 0.574219
168 0.576172
169 0.578125
170 0.580078
171 0.582031
172 0.583984
173 0.585938
174 0.587891
175 0.589844
176 0.591797
177 0.59375
178 0.595703
179 0.597656
180 0.599609
181 0.601562
182 0.603516
183 0.605469
184 0.607422
185 0.609375
186 0.611328
187 0.613281
188 0.615234
189 0.617188
190 0.619141
191 0.621094
192 0.623047
193 0.625
194 0.626953
195 0.628906
196 0.630859
197 0.632812
198 0.634766
199 0.636719
200 0.638672
201 0.640625
202 0.642578
203 0.644531
204 0.646484
205 0.648438
206 0.650391
207 0.652344
208 0.654297
209 0.65625
210 0.658203
211 0.660156
212 0.662109
213 0.664062
214 0.666016
215 0.667969
216 0.669922
217 0.671875
218 0.673828
219 0.675781
220 0.677734
221 0.679688
222 0.681641
223 0.683594
224 0.685547
225 0.6875
226 0.689453
227 0.691406
228 0.693359
229 0.695312
230 0.697266
231 0.699219
232 0.701172
233 0.703125
234 0.705078
235 0.707031
236 0.708984
237 0.710938
238 0.712891
239 0.714844
240 0.716797
241 0.71875
242 0.720703
243 0.722656
244 0.724609
245 0.726562
246 0.728516
247 0.730469
248 0.732422
249 0.734375
250 0.736328
251 0.738281
252 0.740234
253 0.742188
254 0.744141
255 0.746094
256 0.748047
257 0.75
nelem; elemID Type propID nodes
256
1 lBar2 1 1 2 
2 lBar2 1 2 3 
3 lBar2 1 3 4 
4 lBar2 1 4 5 
5 lBar2 1 5 6 
6 lBar2 1 6 7 
7 lBar2 1 7 8 
8 lBar2 1 8 9 
9 lBar2 1 9 10 
10 lBar2 1 10 11 
11 lBar2 1 11 12 
12 lBar2 1 12 13 
13 lBar2 1 13 14 
14 lBar2 1 14 15 
15 lBar2 1 15 16 
16 lBar2 1 16 17 
17 lBar2 1 17 18 
18 lBar2 1 18 19 
19 lBar2 1 19 20 
20 lBar2 1 20 21 
21 lBar2 1 21 22 
22 lBar2 1 22 23 
23 lBar2 1 23 24 
24 lBar2 1 24 25 
25 lBar2 1 25 26 
26 lBar2 1 26 27 
27 lBar2 1 27 28 
28 lBar2 1 28 29 
29 lBar2 1 29 30 
30 lBar2 1 30 31 
31 lBar2 1 31 32 
32 lBar2 1 32 33 
33 lBar2 1 33 34 
34 lBar2 1 34 35 
35 lBar2 1 35 36 
36 lBar2 1 36 37 
37 lBar2 1 37 38 
38 lBar2 1 38 39 
39 lBar2 1 39 40 
40 lBar2 1 40 41 
41 lBar2 1 41 42 
42 lBar2 1 42 43 
43 lBar2 1 43 44 
44 lBar2 1 44 45 
45 lBar2 1 45 46 
46 lBar2 1 46 47 
47 lBar2 1 47 48 
48 lBar2 1 48 49 
49 lBar2 1 49 50 
50 lBar2 1 50 51 
51 lBar2 1 51 52 
52 lBar2 1 52 53 
53 lBar2 1 53 54 
54 lBar2 1 54 55 
55 lBar2 1 55 56 
56 lBar2 1 56 57 
57 lBar2 1 57 58 
58 lBar2 1 58 59 
59 lBar2 1 59 60 
60 lBar2 1 60 61 
61 lBar2 1 61 62 
62 lBar2 1 62 63 
63 lBar2 1 63 64 
64 lBar2 1 64 65 
65 lBar2 1 65 66 
66 lBar2 1 66 67 
67 lBar2 1 67 68 
68 lBar2 1 68 69 
69 lBar2 1 69 70 
70 lBar2 1 70 71 
71 lBar2 1 71 72 
72 lBar2 1 72 73 
73 lBar2 1 73 74 
74 lBar2 1 74 75 
75 lBar2 1 75 76 
76 lBar2 1 76 77 
77 lBar2 1 77 78 
78 lBar2 1 78 79 
79 lBar2 1 79 80 
80 lBar2 1 80 81 
81 lBar2 1 81 82 
82 lBar2 1 82 83 
83 lBar2 1 83 84 
84 lBar2 1 84 85 
85 lBar2 1 85 86 
86 lBar2 1 86 87 
87 lBar2 1 87 88 
88 lBar2 1 88 89 
89 lBar2 1 89 90 
90 lBar2 1 90 91 
91 lBar2 1 91 92 
92 lBar2 1 92 93 
93 lBar2 1 93 94 
94 lBar2 1 94 95 
95 lBar2 1 95 96 
96 lBar2 1 96 97 
97 lBar2 1 97 98 
98 lBar2 1 98 99 
99 lBar2 1 99 100 
100 lBar2 1 100 101 
101 lBar2 1 101 102 
102 lBar2 1 102 103 
103 lBar2 1 103 104 
104 lBar2 1 104 105 
105 lBar2 1 105 106 
106 lBar2 1 106 107 
107 lBar2 1 107 108 
108 lBar2 1 108 109 
109 lBar2 1 109 110 
110 lBar2 1 110 111 
111 lBar2 1 111 112 
112 lBar2 1 112 113 
113 lBar2 1 113 114 
114 lBar2 1 114 115 
115 lBar2 1 115 116 
116 lBar2 1 116 117 
117 lBar2 1 117 118 
118 lBar2 1 118 119 
119 lBar2 1 119 120 
120 lBar2 1 120 121 
121 lBar2 1 121 122 
122 lBar2 1 122 123 
123 lBar2 1 123 124 
124 lBar2 1 124 125 
125 lBar2 1 125 126 
126 lBar2 1 126 127 
127 lBar2 1 127 128 
128 lBar2 1 128 129 
129 lBar2 1 129 130 
130 lBar2 1 130 131 
131 lBar2 1 131 132 
132 lBar2 1 132 133 
133 lBar2 1 133 134 
134 lBar2 1 134 135 
135 lBar2 1 135 136 
136 lBar2 1 136 137 
137 lBar2 1 137 138 
138 lBar2 1 138 139 
139 lBar2 1 139 140 
140 lBar2 1 140 141 
141 lBar2 1 141 142 
142 lBar2 1 142 143 
143 lBar2 1 143 144 
144 lBar2 1 144 145 
145 lBar2 1 145 146 
146 lBar2 1 146 147 
147 lBar2 1 147 148 
148 lBar2 1 148 149 
149 lBar2 1 149 150 
150 lBar2 1 150 151 
151 lBar2 1 151 152 
152 lBar2 1 152 153 
153 lBar2 1 153 154 
154 lBar2 1 154 155 
155 lBar2 1 155 156 
156 lBar2 1 156 157 
157 lBar2 1 157 158 
158 lBar2 1 158 159 
159 lBar2 1 159 160 
160 lBar2 1 160 161 
161 lBar2 1 161 162 
162 lBar2 1 162 163 
163 lBar2 1 163 164 
164 lBar2 1 164 165 
165 lBar2 1 165 166 
166 lBar2 1 166 167 
167 lBar2 1 167 168 
168 lBar2 1 168 169 
169 lBar2 1 169 170 
170 lBar2 1 170 171 
171 lBar2 1 171 172 
172 lBar2 1 172 173 
173 lBar2 1 173 174 
174 lBar2 1 174 175 
175 lBar2 1 175 176 
176 lBar2 1 176 177 
177 lBar2 1 177 178 
178 lBar2 1 178 179 
179 lBar2 1 179 180 
180 lBar2 1 180 181 
181 lBar2 1 181 182 
182 lBar2 1 182 183 
183 lBar2 1 183 184 
184 lBar2 1 184 185 
185 lBar2 1 185 186 
186 lBar2 1 186 187 
187 lBar2 1 187 188 
188 lBar2 1 188 189 
189 lBar2 1 189 190 
190 lBar2 1 190 191 
191 lBar2 1 191 192 
192 lBar2 1 192 193 
193 lBar2 1 193 194 
194 lBar2 1 194 195 
195 lBar2 1 195 196 
196 lBar2 1 196 197 
197 lBar2 1 197 198 
198 lBar2 1 198 199 
199 lBar2 1 199 200 
200 lBar2 1 200 201 
201 lBar2 1 201 202 
202 lBar2 1 202 203 
203 lBar2 1 203 204 
204 lBar2 1 204 205 
205 lBar2 1 205 206 
206 lBar2 1 206 207 
207 lBar2 1 207 208 
208 lBar2 1 208 209 
209 lBar2 1 209 210 
210 lBar2 1 210 211 
211 lBar2 1 211 212 
212 lBar2 1 212 213 
213 lBar2 1 213 214 
214 lBar2 1 214 215 
215 lBar2 1 215 216 
216 lBar2 1 216 217 
217 lBar2 1 217 218 
218 lBar2 1 218 219 
219 lBar2 1 219 220 
220 lBar2 1 220 221 
221 lBar2 1 221 222 
222 lBar2 1 222 223 
223 lBar2 1 223 224 
224 lBar2 1 224 225 
225 lBar2 1 225 226 
226 lBar2 1 226 227 
227 lBar2 1 227 228 
228 lBar2 1 228 229 
229 lBar2 1 229 230 
230 lBar2 1 230 231 
231 lBar2 1 231 232 
232 lBar2 1 232 233 
233 lBar2 1 233 234 
234 lBar2 1 234 235 
235 lBar2 1 235 236 
236 lBar2 1 236 237 
237 lBar2 1 237 238 
238 lBar2 1 238 239 
239 lBar2 1 239 240 
240 lBar2 1 240 241 
241 lBar2 1 241 242 
242 lBar2 1 242 243 
243 lBar2 1 243 244 
244 lBar2 1 244 245 
245 lBar2 1 245 246 
246 lBar2 1 246 247 
247 lBar2 1 247 248 
248 lBar2 1 248 249 
249 lBar2 1 249 250 
250 lBar2 1 250 251 
251 lBar2 1 251 252 
252 lBar2 1 252 253 
253 lBar2 1 253 254 
254 lBar2 1 254 255 
255 lBar2 1 255 256 
256 lBar2 1 256 257 
properties - nprop; propID type E E E E E E E E E E E E E E E E E E E E E E E E E E E E E E E E E E Exlim Exlim Exlim Exlim Exlim Exlim Exlim Exlim Exlim Exlim Exlim Exlim Exlim Exlim Exlim Exlim Exlim Exlim Exlim Exlim Exlim Exlim Exlim Exlim Exlim Exlim Exlim Exlim Exlim Exlim Exlim Exlim Exlim Exlim A C bf_fun alpha xb
1
1 MatBar 1.95122 1 40 1 40 1 40 1 40 1 40 1 40 1 40 1 40 1 40 1 40 1 40 1 40 1 40 1 40 1 40 1 40 1.95122 0.375 0.382812 0.390625 0.398438 0.40625 0.414062 0.421875 0.429688 0.4375 0.445312 0.453125 0.460938 0.46875 0.476562 0.484375 0.492188 0.5 0.507812 0.515625 0.523438 0.53125 0.539062 0.546875 0.554688 0.5625 0.570312 0.578125 0.585938 0.59375 0.601562 0.609375 0.617188 0.625 1 1 0 10 30 0.5
constraints - nconstr;constrID nodeID dof value
1
1 1 1 0
loads - nload; loadID nodeID dof value
1
1 257 1 1
