/home/labmec/Downloads/GFEM Course/Projects/Projeto 3/input_files/3P_GFEM_nelem_64_nelem_GL_128_local_0.txt
nodes - nnodes ndim; nodeID x-coord
129 1
1 0.25
2 0.253906
3 0.257812
4 0.261719
5 0.265625
6 0.269531
7 0.273438
8 0.277344
9 0.28125
10 0.285156
11 0.289062
12 0.292969
13 0.296875
14 0.300781
15 0.304688
16 0.308594
17 0.3125
18 0.316406
19 0.320312
20 0.324219
21 0.328125
22 0.332031
23 0.335938
24 0.339844
25 0.34375
26 0.347656
27 0.351562
28 0.355469
29 0.359375
30 0.363281
31 0.367188
32 0.371094
33 0.375
34 0.378906
35 0.382812
36 0.386719
37 0.390625
38 0.394531
39 0.398438
40 0.402344
41 0.40625
42 0.410156
43 0.414062
44 0.417969
45 0.421875
46 0.425781
47 0.429688
48 0.433594
49 0.4375
50 0.441406
51 0.445312
52 0.449219
53 0.453125
54 0.457031
55 0.460938
56 0.464844
57 0.46875
58 0.472656
59 0.476562
60 0.480469
61 0.484375
62 0.488281
63 0.492188
64 0.496094
65 0.5
66 0.503906
67 0.507812
68 0.511719
69 0.515625
70 0.519531
71 0.523438
72 0.527344
73 0.53125
74 0.535156
75 0.539062
76 0.542969
77 0.546875
78 0.550781
79 0.554688
80 0.558594
81 0.5625
82 0.566406
83 0.570312
84 0.574219
85 0.578125
86 0.582031
87 0.585938
88 0.589844
89 0.59375
90 0.597656
91 0.601562
92 0.605469
93 0.609375
94 0.613281
95 0.617188
96 0.621094
97 0.625
98 0.628906
99 0.632812
100 0.636719
101 0.640625
102 0.644531
103 0.648438
104 0.652344
105 0.65625
106 0.660156
107 0.664062
108 0.667969
109 0.671875
110 0.675781
111 0.679688
112 0.683594
113 0.6875
114 0.691406
115 0.695312
116 0.699219
117 0.703125
118 0.707031
119 0.710938
120 0.714844
121 0.71875
122 0.722656
123 0.726562
124 0.730469
125 0.734375
126 0.738281
127 0.742188
128 0.746094
129 0.75
nelem; elemID Type propID nodes
128
1 lBar2 1 1 2 
2 lBar2 1 2 3 
3 lBar2 1 3 4 
4 lBar2 1 4 5 
5 lBar2 1 5 6 
6 lBar2 1 6 7 
7 lBar2 1 7 8 
8 lBar2 1 8 9 
9 lBar2 1 9 10 
10 lBar2 1 10 11 
11 lBar2 1 11 12 
12 lBar2 1 12 13 
13 lBar2 1 13 14 
14 lBar2 1 14 15 
15 lBar2 1 15 16 
16 lBar2 1 16 17 
17 lBar2 1 17 18 
18 lBar2 1 18 19 
19 lBar2 1 19 20 
20 lBar2 1 20 21 
21 lBar2 1 21 22 
22 lBar2 1 22 23 
23 lBar2 1 23 24 
24 lBar2 1 24 25 
25 lBar2 1 25 26 
26 lBar2 1 26 27 
27 lBar2 1 27 28 
28 lBar2 1 28 29 
29 lBar2 1 29 30 
30 lBar2 1 30 31 
31 lBar2 1 31 32 
32 lBar2 1 32 33 
33 lBar2 1 33 34 
34 lBar2 1 34 35 
35 lBar2 1 35 36 
36 lBar2 1 36 37 
37 lBar2 1 37 38 
38 lBar2 1 38 39 
39 lBar2 1 39 40 
40 lBar2 1 40 41 
41 lBar2 1 41 42 
42 lBar2 1 42 43 
43 lBar2 1 43 44 
44 lBar2 1 44 45 
45 lBar2 1 45 46 
46 lBar2 1 46 47 
47 lBar2 1 47 48 
48 lBar2 1 48 49 
49 lBar2 1 49 50 
50 lBar2 1 50 51 
51 lBar2 1 51 52 
52 lBar2 1 52 53 
53 lBar2 1 53 54 
54 lBar2 1 54 55 
55 lBar2 1 55 56 
56 lBar2 1 56 57 
57 lBar2 1 57 58 
58 lBar2 1 58 59 
59 lBar2 1 59 60 
60 lBar2 1 60 61 
61 lBar2 1 61 62 
62 lBar2 1 62 63 
63 lBar2 1 63 64 
64 lBar2 1 64 65 
65 lBar2 1 65 66 
66 lBar2 1 66 67 
67 lBar2 1 67 68 
68 lBar2 1 68 69 
69 lBar2 1 69 70 
70 lBar2 1 70 71 
71 lBar2 1 71 72 
72 lBar2 1 72 73 
73 lBar2 1 73 74 
74 lBar2 1 74 75 
75 lBar2 1 75 76 
76 lBar2 1 76 77 
77 lBar2 1 77 78 
78 lBar2 1 78 79 
79 lBar2 1 79 80 
80 lBar2 1 80 81 
81 lBar2 1 81 82 
82 lBar2 1 82 83 
83 lBar2 1 83 84 
84 lBar2 1 84 85 
85 lBar2 1 85 86 
86 lBar2 1 86 87 
87 lBar2 1 87 88 
88 lBar2 1 88 89 
89 lBar2 1 89 90 
90 lBar2 1 90 91 
91 lBar2 1 91 92 
92 lBar2 1 92 93 
93 lBar2 1 93 94 
94 lBar2 1 94 95 
95 lBar2 1 95 96 
96 lBar2 1 96 97 
97 lBar2 1 97 98 
98 lBar2 1 98 99 
99 lBar2 1 99 100 
100 lBar2 1 100 101 
101 lBar2 1 101 102 
102 lBar2 1 102 103 
103 lBar2 1 103 104 
104 lBar2 1 104 105 
105 lBar2 1 105 106 
106 lBar2 1 106 107 
107 lBar2 1 107 108 
108 lBar2 1 108 109 
109 lBar2 1 109 110 
110 lBar2 1 110 111 
111 lBar2 1 111 112 
112 lBar2 1 112 113 
113 lBar2 1 113 114 
114 lBar2 1 114 115 
115 lBar2 1 115 116 
116 lBar2 1 116 117 
117 lBar2 1 117 118 
118 lBar2 1 118 119 
119 lBar2 1 119 120 
120 lBar2 1 120 121 
121 lBar2 1 121 122 
122 lBar2 1 122 123 
123 lBar2 1 123 124 
124 lBar2 1 124 125 
125 lBar2 1 125 126 
126 lBar2 1 126 127 
127 lBar2 1 127 128 
128 lBar2 1 128 129 
properties - nprop; propID type E E E E E E E E E E E E E E E E E E E E E E E E E E E E E E E E E E Exlim Exlim Exlim Exlim Exlim Exlim Exlim Exlim Exlim Exlim Exlim Exlim Exlim Exlim Exlim Exlim Exlim Exlim Exlim Exlim Exlim Exlim Exlim Exlim Exlim Exlim Exlim Exlim Exlim Exlim Exlim Exlim Exlim Exlim A C bf_fun
1
1 MatBar 1.95122 1 40 1 40 1 40 1 40 1 40 1 40 1 40 1 40 1 40 1 40 1 40 1 40 1 40 1 40 1 40 1 40 1.95122 0.375 0.382812 0.390625 0.398438 0.40625 0.414062 0.421875 0.429688 0.4375 0.445312 0.453125 0.460938 0.46875 0.476562 0.484375 0.492188 0.5 0.507812 0.515625 0.523438 0.53125 0.539062 0.546875 0.554688 0.5625 0.570312 0.578125 0.585938 0.59375 0.601562 0.609375 0.617188 0.625 1 1 0 0 
constraints - nconstr;constrID nodeID dof value
1
1 1 1 0
loads - nload; loadID nodeID dof value
1
1 129 1 1
