/home/labmec/Downloads/GFEM Course/Projects/Projeto 2/input_files/P2_SGFEM_geom_pord_1_128.txt
nodes - nnodes ndim; nodeID x-coord enrID
129 1
1 0 1
2 0.0078125 1
3 0.015625 1
4 0.0234375 1
5 0.03125 1
6 0.0390625 1
7 0.046875 1
8 0.0546875 1
9 0.0625 1
10 0.0703125 1
11 0.078125 1
12 0.0859375 1
13 0.09375 1
14 0.101562 1
15 0.109375 1
16 0.117188 1
17 0.125 1
18 0.132812 1
19 0.140625 1
20 0.148438 1
21 0.15625 1
22 0.164062 1
23 0.171875 1
24 0.179688 1
25 0.1875 1
26 0.195312 1
27 0.203125 1
28 0.210938 1
29 0.21875 1
30 0.226562 1
31 0.234375 1
32 0.242188 1
33 0.25 1
34 0.257812
35 0.265625
36 0.273438
37 0.28125
38 0.289062
39 0.296875
40 0.304688
41 0.3125
42 0.320312
43 0.328125
44 0.335938
45 0.34375
46 0.351562
47 0.359375
48 0.367188
49 0.375
50 0.382812
51 0.390625
52 0.398438
53 0.40625
54 0.414062
55 0.421875
56 0.429688
57 0.4375
58 0.445312
59 0.453125
60 0.460938
61 0.46875
62 0.476562
63 0.484375
64 0.492188
65 0.5
66 0.507812
67 0.515625
68 0.523438
69 0.53125
70 0.539062
71 0.546875
72 0.554688
73 0.5625
74 0.570312
75 0.578125
76 0.585938
77 0.59375
78 0.601562
79 0.609375
80 0.617188
81 0.625
82 0.632812
83 0.640625
84 0.648438
85 0.65625
86 0.664062
87 0.671875
88 0.679688
89 0.6875
90 0.695312
91 0.703125
92 0.710938
93 0.71875
94 0.726562
95 0.734375
96 0.742188
97 0.75
98 0.757812
99 0.765625
100 0.773438
101 0.78125
102 0.789062
103 0.796875
104 0.804688
105 0.8125
106 0.820312
107 0.828125
108 0.835938
109 0.84375
110 0.851562
111 0.859375
112 0.867188
113 0.875
114 0.882812
115 0.890625
116 0.898438
117 0.90625
118 0.914062
119 0.921875
120 0.929688
121 0.9375
122 0.945312
123 0.953125
124 0.960938
125 0.96875
126 0.976562
127 0.984375
128 0.992188
129 1
nelem; elemID Type propID nodes
128
1 pGFEMBar2_0 1 1 2 
2 pGFEMBar2_0 1 2 3 
3 pGFEMBar2_0 1 3 4 
4 pGFEMBar2_0 1 4 5 
5 pGFEMBar2_0 1 5 6 
6 pGFEMBar2_0 1 6 7 
7 pGFEMBar2_0 1 7 8 
8 pGFEMBar2_0 1 8 9 
9 pGFEMBar2_0 1 9 10 
10 pGFEMBar2_0 1 10 11 
11 pGFEMBar2_0 1 11 12 
12 pGFEMBar2_0 1 12 13 
13 pGFEMBar2_0 1 13 14 
14 pGFEMBar2_0 1 14 15 
15 pGFEMBar2_0 1 15 16 
16 pGFEMBar2_0 1 16 17 
17 pGFEMBar2_0 1 17 18 
18 pGFEMBar2_0 1 18 19 
19 pGFEMBar2_0 1 19 20 
20 pGFEMBar2_0 1 20 21 
21 pGFEMBar2_0 1 21 22 
22 pGFEMBar2_0 1 22 23 
23 pGFEMBar2_0 1 23 24 
24 pGFEMBar2_0 1 24 25 
25 pGFEMBar2_0 1 25 26 
26 pGFEMBar2_0 1 26 27 
27 pGFEMBar2_0 1 27 28 
28 pGFEMBar2_0 1 28 29 
29 pGFEMBar2_0 1 29 30 
30 pGFEMBar2_0 1 30 31 
31 pGFEMBar2_0 1 31 32 
32 pGFEMBar2_0 1 32 33 
33 pGFEMBar2_0 1 33 34 
34 pGFEMBar2_0 1 34 35 
35 pGFEMBar2_0 1 35 36 
36 pGFEMBar2_0 1 36 37 
37 pGFEMBar2_0 1 37 38 
38 pGFEMBar2_0 1 38 39 
39 pGFEMBar2_0 1 39 40 
40 pGFEMBar2_0 1 40 41 
41 pGFEMBar2_0 1 41 42 
42 pGFEMBar2_0 1 42 43 
43 pGFEMBar2_0 1 43 44 
44 pGFEMBar2_0 1 44 45 
45 pGFEMBar2_0 1 45 46 
46 pGFEMBar2_0 1 46 47 
47 pGFEMBar2_0 1 47 48 
48 pGFEMBar2_0 1 48 49 
49 pGFEMBar2_0 1 49 50 
50 pGFEMBar2_0 1 50 51 
51 pGFEMBar2_0 1 51 52 
52 pGFEMBar2_0 1 52 53 
53 pGFEMBar2_0 1 53 54 
54 pGFEMBar2_0 1 54 55 
55 pGFEMBar2_0 1 55 56 
56 pGFEMBar2_0 1 56 57 
57 pGFEMBar2_0 1 57 58 
58 pGFEMBar2_0 1 58 59 
59 pGFEMBar2_0 1 59 60 
60 pGFEMBar2_0 1 60 61 
61 pGFEMBar2_0 1 61 62 
62 pGFEMBar2_0 1 62 63 
63 pGFEMBar2_0 1 63 64 
64 pGFEMBar2_0 1 64 65 
65 pGFEMBar2_0 1 65 66 
66 pGFEMBar2_0 1 66 67 
67 pGFEMBar2_0 1 67 68 
68 pGFEMBar2_0 1 68 69 
69 pGFEMBar2_0 1 69 70 
70 pGFEMBar2_0 1 70 71 
71 pGFEMBar2_0 1 71 72 
72 pGFEMBar2_0 1 72 73 
73 pGFEMBar2_0 1 73 74 
74 pGFEMBar2_0 1 74 75 
75 pGFEMBar2_0 1 75 76 
76 pGFEMBar2_0 1 76 77 
77 pGFEMBar2_0 1 77 78 
78 pGFEMBar2_0 1 78 79 
79 pGFEMBar2_0 1 79 80 
80 pGFEMBar2_0 1 80 81 
81 pGFEMBar2_0 1 81 82 
82 pGFEMBar2_0 1 82 83 
83 pGFEMBar2_0 1 83 84 
84 pGFEMBar2_0 1 84 85 
85 pGFEMBar2_0 1 85 86 
86 pGFEMBar2_0 1 86 87 
87 pGFEMBar2_0 1 87 88 
88 pGFEMBar2_0 1 88 89 
89 pGFEMBar2_0 1 89 90 
90 pGFEMBar2_0 1 90 91 
91 pGFEMBar2_0 1 91 92 
92 pGFEMBar2_0 1 92 93 
93 pGFEMBar2_0 1 93 94 
94 pGFEMBar2_0 1 94 95 
95 pGFEMBar2_0 1 95 96 
96 pGFEMBar2_0 1 96 97 
97 pGFEMBar2_0 1 97 98 
98 pGFEMBar2_0 1 98 99 
99 pGFEMBar2_0 1 99 100 
100 pGFEMBar2_0 1 100 101 
101 pGFEMBar2_0 1 101 102 
102 pGFEMBar2_0 1 102 103 
103 pGFEMBar2_0 1 103 104 
104 pGFEMBar2_0 1 104 105 
105 pGFEMBar2_0 1 105 106 
106 pGFEMBar2_0 1 106 107 
107 pGFEMBar2_0 1 107 108 
108 pGFEMBar2_0 1 108 109 
109 pGFEMBar2_0 1 109 110 
110 pGFEMBar2_0 1 110 111 
111 pGFEMBar2_0 1 111 112 
112 pGFEMBar2_0 1 112 113 
113 pGFEMBar2_0 1 113 114 
114 pGFEMBar2_0 1 114 115 
115 pGFEMBar2_0 1 115 116 
116 pGFEMBar2_0 1 116 117 
117 pGFEMBar2_0 1 117 118 
118 pGFEMBar2_0 1 118 119 
119 pGFEMBar2_0 1 119 120 
120 pGFEMBar2_0 1 120 121 
121 pGFEMBar2_0 1 121 122 
122 pGFEMBar2_0 1 122 123 
123 pGFEMBar2_0 1 123 124 
124 pGFEMBar2_0 1 124 125 
125 pGFEMBar2_0 1 125 126 
126 pGFEMBar2_0 1 126 127 
127 pGFEMBar2_0 1 127 128 
128 pGFEMBar2_0 1 128 129 
nenrichments; enrID type
1
1 E_SGFEM_Project2
properties - nprop; propID type E A C bf_fun
1
1 MatBar 1 1 0 20 
constraints - nconstr;constrID nodeID dof value
2
1 1 1 0
2 129 1 0
loads - nload; loadID nodeID dof value
0
